 id | player_1 | player_2 | accepted | turn |                                       gamestate                                       | winner |         created_at         
----+----------+----------+----------+------+---------------------------------------------------------------------------------------+--------+----------------------------
  1 |        1 |        2 | t        |    1 | [0,0,0,0,0,1,0,0,0,0,0,2,0,0,0,0,0,1,0,0,0,0,0,2,0,0,0,0,0,1,0,0,0,0,0,2,0,0,0,0,0,1] |        | 2021-08-02 23:54:43.479536
  2 |        2 |        3 | t        |    2 | [0,0,0,0,0,2,0,0,0,0,0,3,0,0,0,0,0,2,0,0,0,0,0,3,0,0,0,0,0,2,0,0,0,0,0,3,0,0,0,0,0,2] |        | 2021-08-02 23:54:43.482865
  3 |        3 |        1 | t        |    3 | [0,0,0,0,0,0,0,0,0,0,0,0,0,0,0,0,0,0,0,0,0,0,0,0,0,0,0,0,0,0,0,0,0,0,0,0,0,0,0,0,0,0] |        | 2021-08-02 23:54:43.483898
  4 |        4 |        5 | t        |    4 | [0,0,0,0,0,0,0,0,0,0,0,0,0,0,0,0,0,0,0,0,0,0,0,0,0,0,0,0,0,0,0,0,0,0,0,0,0,0,0,0,0,0] |        | 2021-08-02 23:54:43.484846
  5 |        6 |        7 | t        |    6 | [0,0,0,0,0,0,0,0,0,0,0,0,0,0,0,0,0,0,0,0,0,0,0,0,0,0,0,0,0,0,0,0,0,0,0,0,0,0,0,0,0,0] |        | 2021-08-02 23:54:43.485827
  6 |        4 |        1 | f        |    4 | [0,0,0,0,0,0,0,0,0,0,0,0,0,0,0,0,0,0,0,0,0,0,0,0,0,0,0,0,0,0,0,0,0,0,0,0,0,0,0,0,0,0] |        | 2021-08-02 23:54:57.524986
(6 rows)

